1668470520.646745,3
1668470520.757182,20
1668470520.866572,20
1668470520.976549,20
1668470521.086780,20
1668470521.196921,20
1668470521.306070,20
1668470521.414977,20
1668470521.517606,19
1668470521.620214,8
1668470521.723028,8
1668470521.825556,10
1668470521.928195,12
1668470522.030911,12
1668470522.133546,14
1668470522.243242,15
1668470522.357205,15
1668470522.468794,16
1668470522.598474,18
1668470522.703795,20
1668470522.814369,14
1668470522.924062,13
1668470523.027721,14
1668470523.137309,16
1668470523.247148,17
1668470523.356825,18
1668470523.468591,20
1668470523.578003,20
1668470523.687765,18
1668470523.797249,12
1668470523.907169,14
1668470524.016820,15
1668470524.120446,14
1668470524.230112,20
1668470524.340204,10
1668470524.450413,12
1668470524.560407,12
1668470524.676554,9
1668470524.786363,11
1668470524.896010,11
1668470525.005746,12
1668470525.116249,14
1668470525.226174,15
1668470525.336177,16
1668470525.446016,16
1668470525.556140,16
1668470525.665904,17
1668470525.782289,17
1668470525.892127,18
1668470526.001982,19
1668470526.111947,19
1668470526.221499,20
1668470526.331403,12
1668470526.440950,13
1668470526.550784,14
1668470526.655967,12
1668470526.765742,20
1668470526.872893,17
1668470526.989302,12
1668470527.096036,14
1668470527.221976,10
1668470527.332091,20
1668470527.441874,17
1668470527.551590,19
1668470527.661689,19
1668470527.771826,13
1668470527.899058,14
1668470528.008885,18
1668470528.118471,7
1668470528.228076,9
1668470528.338191,11
1668470528.448014,10
1668470528.557915,10
1668470528.667769,10
1668470528.777654,11
1668470528.887774,12
1668470529.004400,13
1668470529.114984,14
1668470529.224831,15
1668470529.334815,15
1668470529.444820,16
1668470529.554814,18
1668470529.664561,18
1668470529.774553,19
1668470529.884635,20
1668470529.994042,20
1668470530.110610,19
1668470530.220682,11
1668470530.330572,12
1668470530.455197,13
1668470530.565255,20
1668470530.675374,18
1668470530.785257,20
1668470530.895286,19
1668470531.020815,5
1668470531.131150,20
1668470531.240231,20
1668470531.350219,6
1668470531.456228,16
1668470531.566804,20
1668470531.675403,3
1668470531.785441,5
1668470531.895294,8
1668470532.004790,9
1668470532.121916,9
1668470532.232092,10
1668470532.342160,11
1668470532.452121,12
1668470532.562047,13
1668470532.673957,14
1668470532.784075,15
1668470532.894069,16
1668470533.004240,17
1668470533.114500,18
1668470533.230788,18
1668470533.341151,18
1668470533.451005,19
1668470533.561138,19
1668470533.670950,19
1668470533.781668,19
1668470533.891722,16
1668470534.001490,16
1668470534.111790,17
1668470534.221478,18
1668470534.338162,19
1668470534.448196,15
1668470534.557919,15
1668470534.667847,17
1668470534.772877,20
1668470534.885141,20
1668470534.995292,9
1668470535.102211,11
1668470535.212373,15
1668470535.322637,20
1668470535.437493,20
1668470535.547580,10
1668470535.651346,5
1668470535.755454,6
1668470535.865393,8
1668470535.975035,9
1668470536.084872,10
1668470536.194841,11
1668470536.304595,12
1668470536.414781,14
1668470536.524806,15
1668470536.634569,16
1668470536.751457,16
1668470536.861656,16
1668470536.971186,17
1668470537.081014,17
1668470537.190886,18
1668470537.300837,18
1668470537.410915,19
1668470537.521022,20
1668470537.627671,20
1668470537.737226,20
1668470537.847979,10
1668470537.956805,8
1668470538.069979,9
1668470538.179722,10
1668470538.289931,11
1668470538.399847,12
1668470538.509899,13
1668470538.621021,15
1668470538.730819,18
1668470538.840444,20
1668470538.951125,17
1668470539.058184,9
1668470539.188595,6
1668470539.298446,20
1668470539.408410,20
1668470539.518903,10
1668470539.628799,6
1668470539.739016,8
1668470539.845099,19
1668470539.954943,20
1668470540.065396,20
1668470540.181608,7
1668470540.291336,9
1668470540.398180,10
1668470540.507944,11
1668470540.618025,11
1668470540.727716,12
1668470540.837524,13
1668470540.947514,14
1668470541.057082,15
1668470541.167354,15
1668470541.277107,16
1668470541.393340,18
1668470541.503467,18
1668470541.613411,19
1668470541.723555,20
1668470541.833192,20
1668470541.943140,19
1668470542.050011,11
1668470542.161229,13
1668470542.271005,19
1668470542.380708,18
1668470542.495076,12
1668470542.600026,13
1668470542.710879,20
1668470542.820669,20
1668470542.930827,15
1668470543.040511,8
1668470543.150326,9
1668470543.256156,19
1668470543.366820,17
1668470543.476967,17
1668470543.587153,17
1668470543.696766,13
1668470543.813029,13
1668470543.922913,14
1668470544.027153,14
1668470544.136815,15
1668470544.246868,17
1668470544.356548,18
1668470544.466500,18
1668470544.577040,19
1668470544.687474,19
1668470544.797379,19
1668470544.907487,20
1668470545.023634,19
1668470545.133099,11
1668470545.239839,12
1668470545.349849,13
1668470545.459827,15
1668470545.569489,15
1668470545.679349,16
1668470545.789882,19
1668470545.899629,13
1668470546.009433,12
1668470546.119285,13
1668470546.235915,15
1668470546.345377,16
1668470546.465667,12
1668470546.575996,20
1668470546.686600,17
1668470546.796866,14
1668470546.906967,15
1668470547.016772,19
1668470547.127010,18
1668470547.243244,10
1668470547.352987,5
1668470547.463009,7
1668470547.573284,8
1668470547.683448,9
1668470547.793344,12
1668470547.903298,12
1668470548.013036,13
1668470548.123360,13
1668470548.232965,14
1668470548.348901,15
1668470548.458976,15
1668470548.568672,16
1668470548.678766,17
1668470548.788726,17
1668470548.898516,19
1668470549.008469,20
1668470549.118301,20
1668470549.228225,20
1668470549.338187,11
1668470549.454459,12
1668470549.559715,20
1668470549.670120,15
1668470549.779949,11
1668470549.890123,13
1668470550.000083,15
1668470550.108975,12
1668470550.219662,20
1668470550.329862,17
1668470550.440302,16
1668470550.550881,17
1668470550.667246,18
1668470550.777103,14
1668470550.886926,15
1668470550.996757,16
1668470551.114580,18
1668470551.224705,19
1668470551.334680,20
1668470551.444703,14
1668470551.554877,14
1668470551.671576,16
1668470551.781291,17
1668470551.891163,13
1668470552.000883,13
1668470552.110830,14
1668470552.220506,16
1668470552.330669,17
1668470552.440338,17
1668470552.547116,18
1668470552.656764,18
1668470552.766454,19
1668470552.884851,19
1668470552.994581,19
1668470553.104667,19
1668470553.213988,11
1668470553.324500,12
1668470553.434360,14
1668470553.544042,15
1668470553.653864,15
1668470553.763617,16
1668470553.888172,16
1668470553.998467,18
1668470554.105085,19
1668470554.215120,9
1668470554.324869,11
1668470554.434576,14
1668470554.540746,19
1668470554.650443,20
1668470554.760083,20
1668470554.869855,11
1668470554.979441,11
1668470555.095812,13
1668470555.200906,20
1668470555.309726,20
1668470555.419655,18
1668470555.531134,13
1668470555.640790,14
1668470555.750539,10
1668470555.860640,12
1668470555.969866,13
1668470556.080445,13
1668470556.190689,13
1668470556.307176,14
1668470556.410972,15
1668470556.520635,16
1668470556.630849,16
1668470556.740661,17
1668470556.850549,18
1668470556.960275,18
1668470557.070208,20
1668470557.180156,20
1668470557.289948,20
1668470557.400136,20
1668470557.516502,19
1668470557.626339,6
1668470557.731575,19
1668470557.841064,20
1668470557.988728,6
1668470558.098247,5
1668470558.213045,7
1668470558.318175,20
1668470558.427848,20
1668470558.536974,20
1668470558.647130,4
1668470558.757007,6
1668470558.862400,19
1668470558.972367,20
1668470559.079223,20
1668470559.189358,4
1668470559.299166,6
1668470559.410210,8
1668470559.526506,9
1668470559.636382,10
1668470559.746647,12
1668470559.856623,13
1668470559.966506,14
1668470560.075973,15
1668470560.186236,14
1668470560.295987,15
1668470560.405740,16
1668470560.515778,16
1668470560.625741,17
1668470560.742237,18
1668470560.851714,18
1668470560.961736,20
1668470561.068923,20
1668470561.179372,17
1668470561.289345,11
1668470561.399270,12
1668470561.510655,19
1668470561.620809,17
1668470561.730526,19
1668470561.837079,20
1668470561.953626,19
1668470562.063876,18
1668470562.167949,20
1668470562.277562,20
1668470562.386542,20
1668470562.496472,6
1668470562.606139,9
1668470562.716323,11
1668470562.822394,19
1668470562.932160,17
1668470563.043267,17
1668470563.159884,18
1668470563.269906,13
1668470563.379646,13
1668470563.489865,14
1668470563.599652,15
1668470563.709296,16
1668470563.818956,17
1668470563.928717,18
1668470564.038517,19
1668470564.148288,19
1668470564.265234,19
1668470564.375036,19
1668470564.484913,19
1668470564.594840,11
1668470564.704508,12
1668470564.814378,13
1668470564.924251,15
1668470565.031193,15
1668470565.140873,16
1668470565.267888,16
1668470565.377701,19
1668470565.487797,20
1668470565.597707,20
1668470565.706399,12
1668470565.815870,12
1668470565.925331,14
1668470566.035281,15
1668470566.153169,18
1668470566.259838,18
1668470566.365261,19
1668470566.475019,20
1668470566.584872,13
1668470566.694674,15
1668470566.804492,16
1668470566.913009,18
1668470567.022888,16
1668470567.132398,17
1668470567.242313,18
1668470567.352244,13
1668470567.462031,15
1668470567.571895,14
1668470567.682308,16
1668470567.791870,17
1668470567.901526,17
1668470568.008178,18
1668470568.118151,19
1668470568.227892,18
1668470568.335113,19
1668470568.444454,19
1668470568.554392,19
1668470568.664142,11
1668470568.773710,12
1668470568.880943,13
1668470568.990981,15
1668470569.100506,15
1668470569.203265,17
1668470569.312920,17
1668470569.422973,17
1668470569.541629,16
1668470569.651799,19
1668470569.762114,14
1668470569.878077,14
1668470569.988089,15
1668470570.098148,17
1668470570.208102,19
1668470570.320604,20
1668470570.431495,20
1668470570.540888,19
1668470570.650844,20
1668470570.760320,20
1668470570.867913,19
1668470570.982707,19
1668470571.092672,19
1668470571.202764,20
1668470571.312651,10
1668470571.453642,12
1668470571.578258,13
1668470571.694489,19
1668470571.804326,17
1668470571.914146,13
1668470572.024182,14
1668470572.134084,9
1668470572.240924,10
1668470572.350448,12
1668470572.460419,13
1668470572.570509,14
1668470572.680053,15
1668470572.797082,16
1668470572.906833,14
1668470573.016472,16
1668470573.126413,17
1668470573.236619,17
1668470573.346557,18
1668470573.456579,20
1668470573.566532,20
1668470573.676394,20
1668470573.786441,20
1668470573.902691,20
1668470574.012605,6
1668470574.127196,6
1668470574.237251,20
1668470574.347568,20
1668470574.454278,16
1668470574.563820,11
1668470574.673963,11
1668470574.810310,14
1668470574.913966,20
1668470575.023658,18
1668470575.133390,20
1668470575.243581,19
1668470575.370006,4
1668470575.480390,20
1668470575.589600,20
1668470575.699578,5
1668470575.816082,7
1668470575.926003,9
1668470576.035990,10
1668470576.145371,11
1668470576.255717,11
1668470576.366547,12
1668470576.524678,13
1668470576.634688,15
1668470576.744073,16
1668470576.854095,17
1668470576.964041,17
1668470577.074270,17
1668470577.184306,18
1668470577.294096,18
1668470577.403884,19
1668470577.513678,19
1668470577.629998,19
1668470577.740150,12
1668470577.849979,13
1668470577.959137,20
1668470578.068853,20
1668470578.178811,19
1668470578.288734,19
1668470578.398456,18
1668470578.507960,18
1668470578.617686,18
1668470578.734371,20
1668470578.844124,20
1668470578.947410,9
1668470579.056559,12
1668470579.172567,14
1668470579.282550,20
1668470579.392368,17
1668470579.502865,12
1668470579.612657,15
1668470579.718653,19
1668470579.828311,20
1668470579.946460,17
1668470580.056312,5
1668470580.166211,6
1668470580.276571,9
1668470580.386466,10
1668470580.496988,11
1668470580.608771,11
1668470580.717464,12
1668470580.827346,13
1668470580.934265,14
1668470581.050819,15
1668470581.160672,15
1668470581.263741,16
1668470581.366473,17
1668470581.641737,19
1668470581.746451,20
1668470581.849196,20
1668470581.952246,20
1668470582.062274,11
1668470582.171749,12
1668470582.278955,13
1668470582.388660,20
1668470582.498193,10
1668470582.608267,12
1668470582.718073,13
1668470582.827747,13
1668470582.937753,19
1668470583.047657,16
1668470583.164527,16
1668470583.274544,18
1668470583.384197,19
1668470583.494239,19
1668470583.603721,15
1668470583.714120,16
1668470583.823865,17
1668470583.933578,20
1668470584.044466,20
1668470584.151389,17
1668470584.268063,14
1668470584.378046,16
1668470584.488211,18
1668470584.598166,18
1668470584.708007,13
1668470584.818101,14
1668470584.927839,14
1668470585.035099,15
1668470585.144722,16
1668470585.254975,17
1668470585.364933,18
1668470585.481352,19
1668470585.591047,19
1668470585.700741,20
1668470585.811009,20
1668470585.920861,10
1668470586.030779,11
1668470586.140605,12
1668470586.250709,13
1668470586.359296,14
1668470586.466682,15
1668470586.576719,16
1668470586.695454,18
1668470586.802370,20
1668470586.912792,13
1668470587.023018,14
1668470587.132809,15
1668470587.243300,16
1668470587.353489,16
1668470587.464254,19
1668470587.574354,19
1668470587.689842,15
1668470587.801049,15
1668470587.918013,8
1668470588.028343,19
1668470588.139428,20
1668470588.249164,4
1668470588.358851,6
1668470588.471041,8
1668470588.581607,9
1668470588.698237,11
1668470588.808130,12
1668470588.918155,13
1668470589.028639,13
1668470589.138785,14
1668470589.248768,14
1668470589.358859,15
1668470589.468797,16
1668470589.579192,16
1668470589.689000,17
1668470589.805720,19
1668470589.915761,19
1668470590.026016,20
1668470590.136258,20
1668470590.248758,12
1668470590.359341,11
1668470590.469170,12
1668470590.579724,18
1668470590.689665,18
1668470590.797047,18
1668470590.914144,20
1668470591.023990,20
1668470591.133961,20
1668470591.243825,9
1668470591.354160,10
1668470591.469957,11
1668470596.333947,17
1668470596.443505,20
1668470596.560314,20
1668470596.724730,8
1668470596.834878,10
1668470596.966501,6
1668470597.076313,20
1668470597.183313,20
1668470597.293061,3
1668470597.403065,5
1668470597.513044,8
1668470597.622904,8
1668470597.732898,9
1668470597.842923,11
1668470597.953108,12
1668470598.069970,13
1668470598.179914,14
1668470598.290201,15
1668470598.400172,15
1668470598.509864,16
1668470598.619431,16
1668470598.729131,17
1668470598.839059,18
1668470598.948731,18
1668470599.058794,19
1668470599.175129,20
1668470599.285509,20
1668470599.395068,20
1668470599.513414,20
1668470599.624420,10
1668470599.734375,10
1668470599.839436,6
1668470599.949206,20
1668470600.059470,12
1668470600.169430,5
1668470600.278134,7
1668470600.391244,15
1668470600.500972,20
1668470600.610348,20
1668470600.720307,6
1668470600.830067,8
1668470600.940583,9
1668470601.050399,10
1668470601.160337,11
1668470601.270101,12
1668470601.380116,12
1668470601.496508,13
1668470601.606296,14
1668470601.902763,17
1668470602.012751,17
1668470602.122830,18
1668470602.232432,19
1668470602.342747,19
1668470602.452539,19
1668470602.562530,19
1668470602.672193,11
1668470602.775494,11
1668470602.885061,12
1668470602.991825,14
1668470603.108525,20
1668470603.218048,20
1668470603.328384,20
1668470603.438367,20
1668470603.548580,15
1668470603.652895,10
1668470603.762865,20
1668470603.872396,20
1668470603.983229,14
1668470604.093000,5
1668470604.209357,7
1668470604.315825,9
1668470604.425427,20
1668470604.535957,20
1668470604.645856,8
1668470604.755545,7
1668470604.865924,8
1668470604.975563,10
1668470605.085579,11
1668470605.195196,12
1668470605.305044,12
1668470605.421606,13
1668470605.531469,14
1668470605.641313,15
1668470605.750844,15
1668470605.860896,16
1668470605.970624,17
1668470606.080750,18
1668470606.190714,19
1668470606.300775,20
1668470606.410504,20
1668470606.526570,20
1668470606.630633,20
1668470606.776813,17
1668470606.886864,7
1668470606.993334,6
1668470607.103593,20
1668470607.212891,20
1668470607.329850,6
1668470607.440112,6
1668470607.545154,9
1668470607.655107,20
1668470607.764247,19
1668470607.874254,4
1668470607.984212,6
1668470608.098333,8
1668470608.208373,20
1668470608.318627,19
1668470608.428608,4
1668470608.544919,6
1668470608.655149,8
1668470608.764730,10
1668470608.874507,11
1668470608.984613,11
1668470609.094396,12
1668470609.203947,13
1668470609.311171,13
1668470609.421151,14
1668470609.530967,15
1668470609.646061,16
1668470609.757734,16
1668470609.867689,18
1668470609.977551,19
1668470610.087381,19
1668470610.197557,20
1668470610.308052,19
1668470610.417990,19
1668470610.527796,11
1668470610.637625,12
1668470610.747717,20
1668470610.864859,18
1668470610.975510,18
1668470611.085497,19
1668470611.195234,20
1668470611.305228,19
1668470611.415404,11
1668470611.525418,20
1668470611.636257,20
1668470611.780938,4
1668470611.891201,6
1668470612.004727,9
1668470612.115626,20
1668470612.225940,20
1668470612.334887,3
1668470612.444725,5
1668470612.554702,8
1668470612.664481,8
1668470612.780861,9
1668470612.890869,10
1668470613.000704,11
1668470613.110544,12
1668470613.220460,14
1668470613.330344,15
1668470613.440173,16
1668470613.550072,16
1668470613.660121,17
1668470613.769846,17
1668470613.886562,17
1668470613.996420,18
1668470614.103273,19
1668470614.206310,19
1668470614.316065,20
1668470614.423427,17
1668470614.533085,12
1668470614.638505,14
1668470614.748082,20
1668470614.858223,19
1668470614.968036,20
1668470615.078085,19
1668470615.183427,19
1668470615.293362,16
1668470615.402117,16
1668470615.536767,19
1668470615.641984,18
1668470615.751412,20
1668470615.858302,20
1668470615.968904,12
1668470616.078884,9
1668470616.189225,11
1668470616.299146,13
1668470616.404388,18
1668470616.514184,20
1668470616.623164,20
1668470616.732298,4
1668470617.062258,10
1668470617.171835,12
1668470617.287912,11
1668470617.397660,12
1668470617.507617,13
1668470617.617256,14
1668470617.727022,14
1668470617.834285,15
1668470617.943886,16
1668470618.053704,16
1668470618.163793,18
1668470618.273620,19
1668470618.383670,19
1668470618.499733,20
1668470618.609880,20
1668470618.719796,19
1668470618.829605,11
1668470618.946420,12
1668470619.057527,20
1668470619.168153,18
1668470619.278173,18
1668470619.388043,19
1668470619.504854,20
1668470619.615181,20
1668470619.734337,10
1668470619.844720,20
1668470619.955584,20
1668470620.065997,4
1668470620.175893,5
1668470620.286109,8
1668470620.394997,18
1668470620.512988,20
1668470620.622632,6
1668470620.732773,6
1668470620.842728,7
1668470620.949592,8
1668470621.059358,9
1668470621.169258,10
1668470621.279129,11
1668470621.388698,12
1668470621.497750,0
1668470621.606841,0
1668470621.722186,0
1668470621.832192,0
1668470622.164871,0
1668470622.273962,0
1668470622.383123,0
1668470622.492095,0
1668470622.601136,0
1668470622.710458,0
1668470622.819467,0
